647.697
639.536
645.378
642.632
644.101
639.049
630.222
644.298
640.641
640.585
638.592
642.182
637.501
636.706
635.01
655.55
650.755
654.7
659.946
652.009
656.398
651.681
656.089
659.599
653.063
660.023
652.069
656.306
694.699
646.082
645.648
644.302
649.667
649.359
638.978
647.974
643.732
645.151
644.83
644.133
642.848
640.342
647.84
652.341
651.118
647.466
650.581
647.546
647.398
641.823
-19695
647.868
650.099
647.023
648.377
649.59
647.454
646.245
645.245
644.512
-19695
646.945
646.452
646.675
649.26
647.802
645.277
647.222
644.103
643.587
645.339
648.021
-19695
653.263
652.407
648.384
655.582
652.375
649.894
656.421
646.703
653.167
649.05
648.685
