4362.41
4368.49
4364.62
4368.16
4364.55
4369.48
4376.15
4368.49
4369.44
4366.6
4371.77
4369.52
4373.77
4372.03
4387.1
4363.51
4369.78
4369.31
4364.15
4364.63
4364.97
4373.61
4368.19
4364.33
4368.69
4362.47
4365.25
4370.41
4315.57
4365.25
4364.32
4365.25
4362.49
4362.64
4371.72
4362.91
4368.84
4364.56
4366.39
4368.86
4368.01
4370.16
4367.46
4365.01
4365.81
4364.14
4368.19
4368.45
4365.47
4371.76
-16495
4372.21
4365.64
4369.26
4372.16
4370.06
4363.09
4364.18
4364.49
4364.55
-16495
4363.91
4370.46
4364.41
4363.41
4364.61
4365.53
4364.12
4366.96
4367.36
4367.57
4363.98
-16495
4363.69
4361.47
4362.92
4362.61
4363.53
4366.06
4362.93
4369.54
4365.97
4365.84
4370.07
