18.4589
34.4828
30.4258
15.7614
24.8534
13.6709
20.3929
37.235
30.9132
51.7847
40.3834
29.3949
36.6432
23.06
28.7325
51.5233
53.4597
-0.710848
22.9782
23.4732
39.0663
34.8569
36.7479
50.8694
28.7501
28.1078
24.9056
36.7654
21.3435
26.1105
33.1567
34.9631
33.9822
31.5642
44.4834
38.23
11.4892
-1.71621
28.24
-4.00192
33.6282
28.5484
57.9982
40.1786
42.2103
36.6639
32.2106
35.2849
34.0029
7.01038
-20095
2.95702
11.9013
2.58931
-21.337
13.6116
11.6992
22.6839
21.8379
28.3196
-20095
15.3003
-67.509
11.9917
-0.0107034
-5.46002
20.1732
20.8163
27.7445
4.84528
12.1265
-36.5878
-20095
17.531
9.57545
30.7855
17.3161
27.1337
18.6131
-0.314546
-0.917408
25.1491
25.9564
26.5953
