28.0412
36.3865
34.4042
15.6582
32.6904
8.14559
23.104
35.0035
27.9453
48.0722
43.5744
30.371
33.9388
24.1357
25.0412
50.3869
51.3311
36.5592
22.5899
22.2982
41.286
43.7602
32.0555
51.2474
27.5806
40.1151
30.1896
38.6512
21.3611
28.0463
31.5461
34.3579
32.879
27.0613
38.9932
41.1907
10.5271
-0.974008
36.9715
3.51108
41.6969
33.6629
36.7449
36.5121
39.7445
35.9286
25.8898
31.0323
32.2507
4.44882
-20095
-6.66238
21.1941
2.80142
-23.1533
12.5935
21.2238
29.6732
24.619
39.822
-20095
19.9902
-77.7658
3.94465
3.98394
-9.16364
23.4539
17.8671
33.5876
8.03681
10.2748
5.5491
-20095
27.3792
20.3735
41.3393
26.7966
34.134
33.9439
6.46946
0.710496
40.8749
28.9924
29.7044
