53.3681
63.9776
62.8762
58.176
55.8101
64.0186
70.7378
76.6286
67.057
95.3501
72.692
72.8278
93.9021
69.1679
109.67
94.6973
85.6233
69.0843
83.1742
78.2031
93.0508
89.3521
90.5643
64.8412
81.9226
72.9248
71.9541
82.1027
51.3555
82.2506
86.4673
83.4422
84.9379
85.2136
77.2578
58.3281
58.83
65
70.9778
56.6214
56.3155
62.3169
76.0184
75
83.677
69.3052
79.9985
84.7864
85.5846
50.2538
-19995
49.0556
40.401
47.2576
46.4533
44.2386
39.7585
50.1419
52.061
55.7171
-19995
50.0769
54.4591
43.3675
40.899
36.3664
46.673
43.3196
51.0008
45.3874
44.83
34.9322
-19995
37.7451
40.929
-19995
38.556
57.928
42.8908
52.4999
47.3407
53.5618
60.1187
53.3255
