55.6996
57.9005
66.9037
61.839
56.9064
62.2249
65.9063
85.1176
69.2623
102.869
86.7417
81.0006
97.5497
76.949
114.567
67.2886
81.686
74.3421
84.861
86.1581
92.7896
85.2582
92.6357
67.9
82.4024
68.2818
69.7296
82.4233
50.6135
80.3599
76.4758
66.7694
78.4374
82.876
80
48.5532
57.9869
59.4288
64.9999
58.1038
53.8737
64.8786
-19995
68.3611
92.5349
69.886
77.9772
87.9985
83.8517
46.3896
-19995
47.2743
41.3149
44.3987
43.8153
37.0368
40.885
48.727
49.6753
52.8455
-19995
47.4295
53.3932
33.9063
33.5673
33.1605
38.6153
34.5049
51.7367
36.6805
37.1173
33.2705
-19995
30.5794
34.6967
-19995
37.0531
54.1478
37.4777
43.6006
51.4406
47.4534
56.745
51.8848
