0	0	0.916137	-32.3308
0	1	0.87164	-34.8441
0	2	0.867032	-20.8959
0	3	0.902385	-30.4192
0	4	0.857318	-47.9611
0	5	0.882851	-22.2395
0	6	0.869057	-50.3786
0	7	0.878865	-48.0298
0	8	0.876171	-18.8667
0	9	0.88412	-58.9622
0	10	0.83669	-46.6638
0	11	0.854029	-29.7177
0	12	0.850867	-33.8484
0	13	0.851938	-12.1106
0	14	0.82023	-62.4256
0	15	0.883093	-60.5289
0	16	0.877908	-23.1127
0	17	0.907955	-27.2435
0	18	0.888863	-15.4902
0	19	0.906705	-29.163
0	20	0.891194	-36.5254
0	21	0.90726	-10.6065
0	22	0.875429	-37.103
0	23	0.852439	-43.0124
0	24	0.878074	-33.1044
0	25	0.908001	-35.8914
0	26	0.927359	-10.7949
0	27	0.889134	-32.9252
0	28	0.91546	-11.97
0	29	0.877778	-37.7604
0	30	0.939114	-22.8741
0	31	0.91875	6.1278
0	32	0.950779	-32.7495
0	33	0.911811	-21.1109
0	34	0.964297	-39.1765
0	35	0.932688	-28.4974
0	36	0.917521	-9.56402
0	37	0.916179	-38.9482
0	38	0.991701	-29.0344
0	39	1.01413	-42.4361
0	40	0.92828	-36.7486
0	41	0.934473	-14.8774
0	42	0.926063	-25.9066
0	43	0.923303	-10.8858
0	44	0.903843	-5.93677
0	45	0.928878	-55.086
0	46	0.857318	-45.147
0	47	0.907803	-39.5448
0	48	0.866983	-46.9711
0	49	0.874741	-18.1973
0	50	0.883024	-32.848
0	51	0.92881	-38.0798
0	52	0.902113	-35.6498
0	53	0.926385	-39.7858
0	54	0.848	-13.9955
0	55	0.853476	-28.4734
0	56	0.860319	-18.9254
0	57	0.887774	-51.7615
0	58	0.891898	-53.005
0	59	0.907884	-24.1254
0	60	0.823346	-17.3677
0	61	0.838192	-32.4955
0	62	0.8321	-27.3871
0	63	0.930446	0.72906
0	64	0.895794	-37.8406
0	65	0.907146	-57.5493
0	66	0.911601	-45.8722
0	67	0.863472	-60.1382
0	68	0.906606	-9.83451
0	69	0.898788	6.11555
0	70	0.901557	-7.49904
0	71	0.869204	-28.5465
0	72	0.853391	-35.7841
0	73	0.852558	-28.9176
0	74	0.863758	-27.2575
0	75	0.879095	-25.3646
0	76	0.866441	-25.6571
0	77	0.865827	-28.7802
0	78	0.845355	-24.9829
0	79	0.909612	-23.3735
0	80	0.917716	-35.7435
0	81	0.918403	-37.0369
0	82	0.895788	-29.8667
0	83	0.864119	-36.5615
0	84	0.853774	-34.3952
0	85	0.85017	-27.8434
0	86	0.853306	-35.2521
0	87	0.852737	-26.7987
0	88	0.869082	-36.5405
0	89	0.876051	-32.8375
0	90	0.864438	-41.2708
0	91	0.857554	-35.419
0	92	0.852855	-17.5269
0	93	0.859246	-23.353
0	94	0.929196	-35.3351
0	95	0.932506	-39.0015
0	96	0.884426	-36.2327
0	97	0.888782	-40.9496
0	98	0.90126	-20.6961
0	99	0.904914	-37.2837
1	0	0.874177	-25.8389
1	1	0.879294	-35.6031
1	2	0.863741	-39.9996
1	3	0.884514	-36.7283
1	4	0.859697	-34.237
1	5	0.882323	-38.5813
1	6	0.911256	-47.0264
1	7	0.873619	-41.4866
1	8	0.842029	-18.9173
1	9	0.871496	-37.4868
1	10	0.912021	-29.2808
1	11	0.859188	-37.581
1	12	0.851878	-37.8287
1	13	0.834225	-34.8616
1	14	0.843167	-33.5897
1	15	0.853774	-35.5034
1	16	0.834698	-32.7559
1	17	0.848255	-33.9931
1	18	0.872288	-36.9804
1	19	0.803784	-38.027
1	20	0.86972	-34.1294
1	21	0.808446	-31.3272
1	22	2.66943	-35.1299
1	23	0.818252	-21.447
1	24	0.860318	-28.2143
1	25	0.830357	-31.0176
1	26	0.835941	-22.1733
1	27	2.64087	-22.7049
1	28	2.64953	-12.4565
1	29	0.886443	-25.4115
1	30	0.892921	22.6921
1	31	0.922862	-47.5004
1	32	0.88909	-8.4433
1	33	0.853155	-19.1911
1	34	0.861643	-6.39497
1	35	0.896943	-12.8365
1	36	0.898166	3.40099
1	37	0.892908	-28.0238
1	38	0.940769	-40.8043
1	39	0.904641	-48.9248
1	40	0.893426	-25.0391
1	41	0.877002	-42.3018
1	42	0.88685	-14.1256
1	43	0.916479	-25.3553
1	44	0.935943	-34.8116
1	45	0.940807	-45.8129
1	46	0.90473	11.5853
1	47	0.876889	9.83647
1	48	0.886184	20.7902
1	49	0.887002	-9.97377
1	50	0.912375	3.53286
1	51	0.860124	9.23489
1	52	0.902843	-35.9234
1	53	0.859445	-10.0111
1	54	0.888989	21.2071
1	55	0.880824	22.5689
1	56	0.924362	-4.86182
1	57	0.910624	16.3433
1	58	0.89839	-21.7067
1	59	0.925143	8.65231
1	60	0.936514	-8.54209
1	61	0.930219	9.53296
1	62	0.940066	-17.408
1	63	0.943401	1.71865
1	64	1.01828	-23.8484
1	65	0.948153	10.5441
1	66	1.0145	-56.1328
1	67	0.983098	-29.7305
1	68	0.958511	-65.967
1	69	0.912882	-40.5185
1	70	0.95128	-32.0852
1	71	0.949632	-0.15123
1	72	0.906091	34.3882
1	73	0.921002	10.0165
1	74	0.932241	-11.895
1	75	0.961787	-35.8806
1	76	0.972011	-66.6069
1	77	1.02348	-62.5973
1	78	0.958846	-16.2605
1	79	0.967546	-15.9493
1	80	0.911293	-20.6033
1	81	0.970873	-15.5476
1	82	1.03799	-52.1167
1	83	0.995779	-63.9566
1	84	0.983933	-52.1644
1	85	1.01475	-52.9974
1	86	1.03481	-49.1489
1	87	0.999611	-1.25776
1	88	1.02947	-109.397
1	89	0.920682	-78.6595
1	90	0.959585	-16.9817
1	91	0.965775	-14.531
1	92	0.922266	-44.4195
1	93	0.968028	-43.7761
1	94	0.933724	-57.7973
1	95	0.890367	-67.2933
1	96	0.9243	-25.1044
1	97	1.0111	-65.3588
1	98	0.8781	-7.17874
1	99	1.03717	-152.749
2	0	0.90092	-36.2061
2	1	0.923524	-25.2727
2	2	0.920565	-48.3157
2	3	0.891219	-37.5596
2	4	0.883842	2.29633
2	5	0.887698	-59.5994
2	6	0.88337	-35.9254
2	7	0.905886	-33.9338
2	8	0.903622	-18.7921
2	9	0.925623	-41.3427
2	10	0.871524	-42.8689
2	11	0.88191	-17.0124
2	12	0.909864	-59.0675
2	13	0.871914	-23.1317
2	14	0.904757	-19.8236
2	15	0.88044	-74.611
2	16	0.883674	-9.46242
2	17	0.879445	-54.4126
2	18	0.855101	11.2163
2	19	0.88264	-15.4665
2	20	0.846155	6.29429
2	21	0.870748	-9.34869
2	22	0.848994	-19.2951
2	23	0.844391	-10.1906
2	24	0.876144	-14.9067
2	25	0.865503	0.146398
2	26	0.882534	-25.054
2	27	0.876127	-11.4941
2	28	0.884171	-25.7905
2	29	0.88308	-23.7764
2	30	0.877269	-18.9549
2	31	0.860834	-26.2434
2	32	0.886854	-16.0258
2	33	0.890305	-46.1831
2	34	0.864455	-20.8055
2	35	0.858276	-18.7796
2	36	0.855602	-28.2839
2	37	0.882241	-10.2215
2	38	0.858874	-36.4823
2	39	0.838591	-32.1572
2	40	0.87671	-36.2418
2	41	0.865719	-39.4348
2	42	0.867989	-18.2389
2	43	0.868832	-23.9024
2	44	0.884954	-25.8888
2	45	0.889106	-40.0715
2	46	0.873619	-27.7207
2	47	-179682	8.63531e+06
2	48	0.875681	-19.4685
2	49	0.865323	-30.6179
2	50	0.863973	-35.2659
2	51	0.870526	-28.2806
2	52	0.838165	-17.4011
2	53	0.912721	2.81034
2	54	0.886142	-20.8757
2	55	0.90171	-30.5927
2	56	0.872014	-46.2678
2	57	0.869133	-23.507
2	58	0.890076	-51.6835
2	59	0.867594	-21.6931
2	60	0.972316	-9.75784
2	61	1.02192	-62.3715
2	62	0.927598	-26.4759
2	63	0.909493	-7.69831
2	64	0.48287	5.963
2	65	2.20802	-194.69
2	66	2.11531	-206.704
2	67	2.11183	-88.5256
2	68	2.09432	-180.45
2	69	2.12181	-124.889
2	70	2.06497	-118.644
2	71	1.87399	-135.409
2	72	2.05938	-120.317
2	73	0.707073	-38.5004
2	74	0.71878	-8.24146
2	75	0.730828	-30.0967
2	76	0.710842	-0.20013
2	77	0.726522	-56.0874
2	78	0.948851	-55.9418
2	79	0.919568	-15.2458
2	80	0.903546	-31.7458
2	81	0.927999	-40.1884
2	82	0.943967	4.51909
2	83	0.97511	-45.3775
2	84	0.94768	-39.6426
2	85	0.956911	-53.301
2	86	0.973655	-42.3485
2	87	0.954037	-16.7739
2	88	0.975403	-46.5697
2	89	0.969903	-76.0461
2	90	0.954647	-70.8945
2	91	0.941978	-61.6099
2	92	0.972157	-95.9989
2	93	0.961601	-39.4264
2	94	0.954814	-40.5671
2	95	0.969366	-63.5617
2	96	0.98879	-71.1819
2	97	0.732803	-8.0004
2	98	0.73073	-7.12151
2	99	0.769689	-77.4521
3	0	0.961363	-42.31
3	1	1.81631	-102.647
3	2	0.931325	-53.1846
3	3	0.953752	-44.8237
3	4	1.00614	-60.9871
3	5	0.991917	-65.2281
3	6	0.991564	-78.7876
3	7	0.927811	-39.0879
3	8	0.950613	-72.1793
3	9	0.97744	-41.8665
3	10	0.96907	-36.2103
3	11	0.928974	-24.6452
3	12	0.910282	-42.4772
3	13	0.919136	-22.9418
3	14	1.92134	-100.587
3	15	1.92718	-114.136
3	16	1.85858	-78.5001
3	17	1.88188	-79.7477
3	18	1.8608	-98.0411
3	19	1.8714	-55.3377
3	20	1.8596	-116.911
3	21	1.87301	-87.7256
3	22	1.86545	-86.0357
3	23	1.87266	-77.9445
3	24	1.89136	-95.2945
3	25	1.86232	-64.7999
3	26	1.88446	-100.619
3	27	1.82314	-81.0157
3	28	1.85411	-86.9032
3	29	1.83778	-53.7486
3	30	0.897889	-3.47717
3	31	0.919	-45.5639
3	32	1.8697	-193.953
3	33	1.86561	-141.626
3	34	1.87427	-120.941
3	35	1.85735	-87.5402
3	36	1.89835	-81.2355
3	37	1.87305	-94.1793
3	38	1.82954	-126.708
3	39	1.86305	-157.747
3	40	1.84669	-95.665
3	41	1.8334	-157.84
3	42	1.86093	-84.2726
3	43	1.87451	-127.773
3	44	1.88636	-102.391
3	45	1.85773	-134.612
3	46	0.967217	-30.3622
3	47	0.907488	-37.2383
3	48	0.935014	-45.3133
3	49	2.54316	-105.941
3	50	0.910055	-15.7937
3	51	0.958208	-42.4791
3	52	0.950466	-31.0279
3	53	0.945145	-54.3526
3	54	0.931749	-29.2234
3	55	0.936259	-26.8883
3	56	0.942473	-26.6956
3	57	0.936845	-29.0275
3	58	0.935961	-34.8208
3	59	0.930865	-26.0596
3	60	0.938414	-113.673
3	61	0.866813	-47.8107
3	62	0.852277	-53.632
3	63	0.868988	-41.1302
3	64	0.857858	-40.0203
3	65	0.841131	-47.3417
3	66	0.84232	-48.1742
3	67	0.853037	-26.2766
3	68	0.854465	-36.4106
3	69	0.845838	0.22841
3	70	0.840076	-21.4764
3	71	0.864119	-16.9772
3	72	0.878091	-45.72
3	73	0.862303	-27.2014
3	74	0.860557	-15.5843
3	75	0.857463	-40.7027
3	76	1.94588	-45.1144
3	77	1.97402	-79.8215
3	78	2.02316	-109.533
3	79	1.8897	-60.9063
3	80	1.81379	-126.696
3	81	1.83617	-66.0085
3	82	2.00251	-32.7105
3	83	1.99713	-148.594
3	84	1.97962	-138.635
3	85	2.03906	-50.2532
3	86	2.15851	-176.028
3	87	2.11757	-147.953
3	88	2.03352	-175.588
3	89	2.03865	-133.759
3	90	1.9602	-103.264
3	91	1.89618	-76.9803
3	92	1.95968	-90.72
3	93	1.9369	-75.402
3	94	1.93931	-144.03
3	95	1.96355	-74.6184
3	96	2.02714	-146.46
3	97	2.04394	-65.0507
3	98	2.02308	-77.8386
3	99	2.01529	-125.527
4	0	0.868437	-45.826
4	1	0.864627	-61.8725
4	2	0.864936	-36.5961
4	3	0.855346	-25.3433
4	4	0.881822	-106.948
4	5	0.869684	-68.3093
4	6	0.847029	-19.5728
4	7	0.863414	-47.503
4	8	0.84252	-31.0363
4	9	0.899748	-44.8997
4	10	0.873236	-66.0955
4	11	0.858025	-59.1915
4	12	0.834292	-8.75861
4	13	0.856298	-35.736
4	14	0.832556	-23.2764
4	15	0.906082	-64.1093
4	16	0.856091	-37.66
4	17	0.861548	-39.4943
4	18	0.8778	-49.404
4	19	0.818898	-26.2992
4	20	0.870818	-63.2372
4	21	0.818718	-46.771
4	22	0.849122	-48.1781
4	23	0.828605	-18.4491
4	24	0.871984	-36.0721
4	25	0.831096	-36.187
4	26	0.859444	-35.0105
4	27	0.877571	-41.5835
4	28	0.858106	-36.3952
4	29	0.810284	-45.3354
4	30	0.903312	-28.6524
4	31	0.87481	-24.2381
4	32	0.913675	-32.3684
4	33	0.914063	-41.333
4	34	0.904896	-38.6837
4	35	0.902917	-34.3446
4	36	0.883617	-39.5942
4	37	0.898481	-38.8604
4	38	0.881121	-27.5041
4	39	0.906175	-37.2233
4	40	0.904955	-31.5661
4	41	0.890249	-47.7665
4	42	0.925943	-38.5273
4	43	0.91293	-46.3231
4	44	0.9269	-45.1814
4	45	0.85008	-52.1333
4	46	0.878293	-48.0598
4	47	0.814334	-43.9624
4	48	0.814034	-51.1434
4	49	0.844175	-47.4078
4	50	0.85433	-58.1909
4	51	0.848123	-57.3482
4	52	0.897601	-58.8738
4	53	0.88265	-56.0441
4	54	0.865476	-48.3374
4	55	0.848568	-39.302
4	56	0.867947	-52.3851
4	57	0.838209	-40.8702
4	58	0.882561	-58.0931
4	59	0.85612	-50.7535
4	60	3.96339e-309	-6.41094e-307
4	61	4.01166e-309	-7.7283e-307
4	62	0	2.52517e-312
4	63	3.96339e-309	-7.17581e-307
4	64	4.17198e-309	-9.53299e-307
4	65	4.17198e-309	-8.84461e-307
4	66	7.73173e-316	6.95193e-310
4	67	0	6.95331e-310
4	68	4.74303e-322	6.95314e-310
4	69	6.54921e-312	-1.44928e-309
4	70	1.9769e-315	6.94909e-310
4	71	4.30895e-309	-9.18779e-307
4	72	0	3.95253e-323
4	73	4.31105e-309	-8.62906e-307
4	74	6.00918e-316	-1.2339e-313
4	75	4.03292e-309	-9.32439e-307
4	76	0	8.55221e-317
4	77	4.17189e-309	-8.83745e-307
4	78	3.96339e-309	-8.70554e-307
4	79	4.15014e-309	-8.0063e-307
4	80	4.24152e-309	-9.60947e-307
4	81	4.24152e-309	-8.83766e-307
4	82	4.24152e-309	-1.05829e-306
4	83	0	3.19048e-316
4	84	4.24152e-309	-9.19227e-307
4	85	2.36412e-309	-5.63217e-308
4	86	2.36412e-309	-5.7017e-308
4	87	2.36412e-309	-5.7017e-308
4	88	4.10245e-309	-6.48048e-307
4	89	6.6316e-316	6.94975e-310
4	90	0	2.00987e-316
4	91	6.73524e-316	-1.61583e-314
4	92	0	1.0913e-316
4	93	6.93334e-316	-1.51442e-314
4	94	2.36407e-309	-5.70156e-308
4	95	6.6316e-316	-1.57928e-314
4	96	1.4822e-323	3.19041e-316
4	97	1.0841e-315	-2.58268e-314
4	98	2.36412e-309	-5.7017e-308
4	99	2.36412e-309	-5.63217e-308
