2 14 78 0 0
2 16 80 0 1
2 17 81 0 2
2 18 82 0 3
2 19 83 0 4
2 20 84 0 5
2 21 85 0 6
2 22 86 0 7
2 23 87 0 8
2 24 88 0 9
2 25 89 0 10
2 26 90 0 11
2 27 91 0 12
2 28 92 0 13
2 29 93 0 14
2 30 94 0 15
3 0 96 0 16
3 1 97 0 17
3 2 98 0 18
3 3 99 0 19
3 4 100 0 20
3 5 101 0 21
3 6 102 0 22
3 7 103 0 23
3 8 104 0 24
3 9 105 0 25
3 10 106 0 26
3 11 107 0 27
3 12 108 0 28
3 13 109 0 29
3 14 110 0 30
3 16 112 0 31
3 17 113 0 32
3 18 114 0 33
3 19 115 0 34
3 20 116 0 35
3 21 117 0 36
3 22 118 0 37
3 23 119 0 38
3 15 111 0 39
3 31 127 0 40
3 26 122 0 41
3 27 123 0 42
3 28 124 0 43
3 29 125 0 44
3 30 126 0 45
2 0 64 0 46
2 1 65 0 47
2 2 66 0 48
2 3 67 0 49
2 4 68 0 50
2 5 69 0 51
2 6 70 0 52
2 7 71 0 53
2 8 72 0 54
2 9 73 0 55
2 10 74 0 56
2 11 75 0 57
2 12 76 0 58
2 13 77 0 59
14 29 477 0 60
14 30 478 0 61
14 31 479 0 62
9 0 288 0 63
9 1 289 0 64
9 2 290 0 65
9 3 291 0 66
9 4 292 0 67
9 5 293 0 68
9 6 294 0 69
9 7 295 0 70
14 13 461 0 71
14 14 462 0 72
14 15 463 0 73
14 16 464 0 74
14 17 465 0 75
14 18 466 0 76
14 19 467 0 77
14 20 468 0 78
14 21 469 0 79
14 22 470 0 80
14 23 471 0 81
14 24 472 0 82
14 25 473 0 83
14 26 474 0 84
14 27 475 0 85
14 28 476 0 86
14 0 448 0 87
14 1 449 0 88
14 2 450 0 89
14 3 451 0 90
14 4 452 0 91
14 5 453 0 92
14 6 454 0 93
14 7 455 0 94
14 8 456 0 95
14 9 457 0 96
14 10 458 0 97
14 11 459 0 98
14 12 460 0 99
13 17 433 1 0
13 18 434 1 1
13 19 435 1 2
13 20 436 1 3
13 21 437 1 4
13 22 438 1 5
13 23 439 1 6
13 24 440 1 7
13 25 441 1 8
13 26 442 1 9
13 27 443 1 10
13 28 444 1 11
13 29 445 1 12
13 30 446 1 13
13 0 416 1 14
13 1 417 1 15
13 2 418 1 16
13 3 419 1 17
13 4 420 1 18
13 5 421 1 19
13 6 422 1 20
13 7 423 1 21
13 8 424 1 22
13 15 431 1 23
13 10 426 1 24
13 11 427 1 25
13 12 428 1 26
13 13 429 1 27
13 14 430 1 28
13 16 432 1 29
6 14 206 1 30
6 16 208 1 31
6 17 209 1 32
6 18 210 1 33
6 19 211 1 34
6 20 212 1 35
6 21 213 1 36
6 22 214 1 37
6 23 215 1 38
6 24 216 1 39
6 25 217 1 40
6 26 218 1 41
6 27 219 1 42
6 28 220 1 43
6 29 221 1 44
6 30 222 1 45
6 0 192 1 46
6 1 193 1 47
6 2 194 1 48
6 3 195 1 49
6 4 196 1 50
6 5 197 1 51
6 6 198 1 52
6 7 199 1 53
6 8 200 1 54
6 9 201 1 55
6 10 202 1 56
6 11 203 1 57
6 12 204 1 58
6 13 205 1 59
10 15 335 1 60
10 14 334 1 61
10 13 333 1 62
10 12 332 1 63
10 11 331 1 64
10 10 330 1 65
10 9 329 1 66
10 8 328 1 67
10 7 327 1 68
10 6 326 1 69
10 5 325 1 70
10 4 324 1 71
10 3 323 1 72
10 2 322 1 73
10 1 321 1 74
10 0 320 1 75
9 31 319 1 76
9 30 318 1 77
9 29 317 1 78
9 28 316 1 79
9 27 315 1 80
9 26 314 1 81
9 25 313 1 82
9 24 312 1 83
9 23 311 1 84
9 22 310 1 85
9 21 309 1 86
9 20 308 1 87
9 19 307 1 88
9 18 306 1 89
9 17 305 1 90
9 16 304 1 91
9 15 303 1 92
9 14 302 1 93
9 13 301 1 94
9 12 300 1 95
9 11 299 1 96
9 10 298 1 97
9 9 297 1 98
9 8 296 1 99
5 30 190 2 0
5 29 189 2 1
5 28 188 2 2
5 27 187 2 3
5 26 186 2 4
5 25 185 2 5
5 24 184 2 6
5 23 183 2 7
5 22 182 2 8
5 21 181 2 9
5 20 180 2 10
5 19 179 2 11
5 18 178 2 12
5 17 177 2 13
5 16 176 2 14
5 14 174 2 15
5 13 173 2 16
5 12 172 2 17
5 11 171 2 18
5 10 170 2 19
5 9 169 2 20
5 8 168 2 21
5 7 167 2 22
5 6 166 2 23
5 5 165 2 24
5 4 164 2 25
5 3 163 2 26
5 2 162 2 27
5 1 161 2 28
5 0 160 2 29
4 30 158 2 30
4 29 157 2 31
4 28 156 2 32
4 27 155 2 33
4 26 154 2 34
4 25 153 2 35
4 24 152 2 36
4 23 151 2 37
4 22 150 2 38
4 21 149 2 39
4 20 148 2 40
4 19 147 2 41
4 18 146 2 42
4 17 145 2 43
4 16 144 2 44
4 14 142 2 45
4 31 159 2 46
2 15 95 2 47
4 11 139 2 48
4 10 138 2 49
4 9 137 2 50
4 8 136 2 51
4 7 135 2 52
4 6 134 2 53
4 5 133 2 54
4 4 132 2 55
4 3 131 2 56
4 2 130 2 57
4 1 129 2 58
4 0 128 2 59
12 4 388 2 60
12 3 387 2 61
12 2 386 2 62
12 1 385 2 63
12 0 384 2 64
11 31 383 2 65
11 30 382 2 66
11 29 381 2 67
11 28 380 2 68
11 27 379 2 69
11 26 378 2 70
11 25 377 2 71
11 24 376 2 72
12 20 404 2 73
12 19 403 2 74
12 18 402 2 75
12 17 401 2 76
12 16 400 2 77
12 15 399 2 78
12 14 398 2 79
12 13 397 2 80
12 12 396 2 81
12 11 395 2 82
12 10 394 2 83
12 9 393 2 84
12 8 392 2 85
12 7 391 2 86
12 6 390 2 87
12 5 389 2 88
12 31 415 2 89
12 30 414 2 90
12 29 413 2 91
12 28 412 2 92
12 27 411 2 93
12 26 410 2 94
12 25 409 2 95
12 24 408 2 96
12 23 407 2 97
12 22 406 2 98
12 21 405 2 99
1 30 62 3 0
0 31 31 3 1
1 31 63 3 2
1 27 59 3 3
1 26 58 3 4
1 25 57 3 5
1 24 56 3 6
1 23 55 3 7
1 22 54 3 8
1 21 53 3 9
1 20 52 3 10
1 19 51 3 11
1 18 50 3 12
1 15 47 3 13
0 16 16 3 14
0 14 14 3 15
0 13 13 3 16
0 12 12 3 17
0 11 11 3 18
0 10 10 3 19
0 9 9 3 20
0 8 8 3 21
0 7 7 3 22
0 6 6 3 23
0 5 5 3 24
0 4 4 3 25
0 3 3 3 26
0 2 2 3 27
0 1 1 3 28
0 0 0 3 29
1 1 33 3 30
1 0 32 3 31
0 30 30 3 32
0 29 29 3 33
0 28 28 3 34
0 27 27 3 35
0 26 26 3 36
0 25 25 3 37
0 24 24 3 38
0 23 23 3 39
0 22 22 3 40
0 21 21 3 41
0 20 20 3 42
0 19 19 3 43
0 18 18 3 44
0 17 17 3 45
1 16 48 3 46
1 14 46 3 47
1 13 45 3 48
1 12 44 3 49
1 11 43 3 50
1 10 42 3 51
1 9 41 3 52
1 8 40 3 53
1 7 39 3 54
1 6 38 3 55
1 5 37 3 56
1 4 36 3 57
1 3 35 3 58
1 2 34 3 59
10 16 336 3 60
10 17 337 3 61
10 18 338 3 62
10 19 339 3 63
10 20 340 3 64
10 21 341 3 65
10 22 342 3 66
10 23 343 3 67
10 24 344 3 68
10 25 345 3 69
10 26 346 3 70
10 27 347 3 71
10 28 348 3 72
10 29 349 3 73
10 30 350 3 74
10 31 351 3 75
11 0 352 3 76
11 1 353 3 77
11 2 354 3 78
11 3 355 3 79
11 4 356 3 80
11 5 357 3 81
11 6 358 3 82
11 7 359 3 83
11 8 360 3 84
11 9 361 3 85
11 10 362 3 86
11 11 363 3 87
11 12 364 3 88
11 13 365 3 89
11 14 366 3 90
11 15 367 3 91
11 16 368 3 92
11 17 369 3 93
11 18 370 3 94
11 19 371 3 95
11 20 372 3 96
11 21 373 3 97
11 22 374 3 98
11 23 375 3 99
15 0 480 4 0
15 1 481 4 1
15 2 482 4 2
15 3 483 4 3
15 4 484 4 4
15 5 485 4 5
15 6 486 4 6
15 7 487 4 7
15 8 488 4 8
15 9 489 4 9
15 10 490 4 10
15 11 491 4 11
15 12 492 4 12
15 13 493 4 13
15 14 494 4 14
15 16 496 4 15
15 17 497 4 16
15 18 498 4 17
15 19 499 4 18
15 20 500 4 19
15 21 501 4 20
15 22 502 4 21
15 23 503 4 22
15 24 504 4 23
15 25 505 4 24
15 26 506 4 25
15 27 507 4 26
15 28 508 4 27
15 29 509 4 28
15 30 510 4 29
16 0 512 4 30
16 1 513 4 31
16 2 514 4 32
16 3 515 4 33
16 4 516 4 34
16 5 517 4 35
16 6 518 4 36
16 7 519 4 37
16 8 520 4 38
16 9 521 4 39
16 10 522 4 40
16 11 523 4 41
16 12 524 4 42
16 13 525 4 43
16 14 526 4 44
16 16 528 4 45
16 17 529 4 46
16 18 530 4 47
16 19 531 4 48
16 20 532 4 49
16 21 533 4 50
16 22 534 4 51
16 23 535 4 52
16 24 536 4 53
16 25 537 4 54
16 26 538 4 55
16 27 539 4 56
16 28 540 4 57
16 29 541 4 58
16 30 542 4 59
7 8 232 4 60
7 9 233 4 61
7 10 234 4 62
7 11 235 4 63
7 12 236 4 64
7 13 237 4 65
7 14 238 4 66
7 15 239 4 67
7 16 240 4 68
7 17 241 4 69
7 18 242 4 70
7 19 243 4 71
7 20 244 4 72
7 21 245 4 73
7 22 246 4 74
7 23 247 4 75
7 24 248 4 76
7 25 249 4 77
7 26 250 4 78
7 27 251 4 79
7 28 252 4 80
7 29 253 4 81
7 30 254 4 82
7 31 255 4 83
7 4 228 4 84
8 1 257 4 85
8 2 258 4 86
8 3 259 4 87
7 5 229 4 88
8 5 261 4 89
8 6 262 4 90
8 7 263 4 91
8 8 264 4 92
8 9 265 4 93
8 10 266 4 94
8 11 267 4 95
8 12 268 4 96
8 13 269 4 97
8 14 270 4 98
8 15 271 4 99